-------------------------------------

classic multiply

500     1800
1000    14817
2000    135857

-------------------------------------

block muplitply

arraySide | blockSize | miliseconds

500 5   1062 
500 10  717 
500 25  554 
500 50  563 
500 75  557 
500 100 630

1000 5   10742
1000 10  6007
1000 25  4754
1000 50  4651
1000 75  4648
1000 100 5082

2000 5   75177 
2000 10  45731
2000 25  36399
2000 50  40881
2000 75  38833
2000 100 41237

-------------------------------------



